301000000
050038000
000400000
910007800
000003690
840000170
080000010
000010500
030209060

002905000
000006003
701008400
000700004
096300000
000001200
000000002
000080390
350000000

903000006
000002000
060370009
301600000
000201000
000000034
018020700
006800095
000000080

020000000
000600003
074080000
000003002
080040010
600500000
000010780
500009000
000000040

207060000
000000806
090700005
000000031
900008200
050093000
040607000
000000004
003000500
-

070400090
000000000
300000067
000106000
900007800
800000000
004060902
000005006
007310040

020000000
000600003
074080000
000003002
080040010
600500000
000010780
500009000
000000040

400000805
009003000
100080074
600301700
000000000
008504006
270030001
000100200
506000003

009057000
000020060
280016970
504008091
130000026
690100503
042730019
050040000
000280300

190502800
020000005
458613000
000400080
304701206
070008000
000149378
800000010
001205049



400000000
087000490
000000732
570900046
009674200
260001007
102050070
908100000
000082300

004000182
900020000
070001040
000605401
305080706
109403000
010700020
000040005
482000300
